Actual				Predicted
1.0				1.2
1.0				1.2
1.0				1.2
1.0				1.3
1.0				1.3
1.0				1.3
1.0				1.3
1.0				1.3
1.0				1.4
1.0				1.4
1.0				1.4
1.0				1.4
1.0				1.4
1.0				1.4
1.0				1.4
1.0				1.5
1.0				1.5
1.0				1.5
1.0				1.5
1.0				1.5
1.0				1.5
1.0				1.5
1.0				1.5
1.0				1.5
1.0				1.5
1.0				1.5
1.0				1.5
1.0				1.5
1.0				1.5
1.0				1.5
1.0				1.5
1.0				1.6
1.0				1.6
1.0				1.6
1.0				1.6
1.0				1.6
1.0				1.6
1.0				1.6
1.0				1.6
1.0				1.6
1.0				1.6
1.0				1.6
1.0				1.6
1.0				1.6
1.0				1.6
1.0				1.6
1.0				1.6
1.0				1.7
1.0				1.7
1.0				1.7
1.0				1.7
1.0				1.7
1.0				1.7
1.0				1.7
1.0				1.7
1.0				1.7
1.0				1.7
1.0				1.7
1.0				1.7
1.0				1.8
1.0				1.8
1.0				1.8
1.0				1.8
1.0				1.8
1.0				1.8
1.0				1.8
1.0				1.8
1.0				1.8
1.0				1.8
1.0				1.8
1.0				1.8
1.0				1.8
1.0				1.8
1.0				1.8
1.0				1.8
1.0				1.8
1.0				1.8
1.0				1.8
1.0				1.8
1.0				1.8
1.0				1.9
1.0				1.9
1.0				1.9
1.0				1.9
1.0				1.9
1.0				1.9
1.0				1.9
1.0				1.9
1.0				1.9
1.0				1.9
1.0				1.9
1.0				1.9
1.0				1.9
1.0				1.9
1.0				1.9
1.0				1.9
1.0				1.9
1.0				1.9
1.0				1.9
1.0				2.0
1.0				2.0
1.0				2.0
1.0				2.0
1.0				2.0
1.0				2.0
1.0				2.0
1.0				2.0
1.0				2.0
1.0				2.0
1.0				2.0
1.0				2.0
1.0				2.0
1.0				2.0
1.0				2.0
1.0				2.0
1.0				2.0
1.0				2.0
1.0				2.0
1.0				2.0
1.0				2.1
1.0				2.1
1.0				2.1
1.0				2.1
1.0				2.1
1.0				2.1
1.0				2.1
1.0				2.1
1.0				2.1
1.0				2.1
1.0				2.1
1.0				2.1
1.0				2.1
1.0				2.2
1.0				2.2
1.0				2.2
1.0				2.2
1.0				2.2
1.0				2.2
1.0				2.2
1.0				2.2
1.0				2.2
1.0				2.2
1.0				2.2
1.0				2.2
1.0				2.2
1.0				2.2
1.0				2.2
1.0				2.2
1.0				2.2
1.0				2.2
1.0				2.3
1.0				2.3
1.0				2.3
1.0				2.3
1.0				2.3
1.0				2.3
1.0				2.3
1.0				2.3
1.0				2.3
1.0				2.3
1.0				2.3
1.0				2.3
1.0				2.4
1.0				2.4
1.0				2.4
1.0				2.4
1.0				2.4
1.0				2.4
1.0				2.4
1.0				2.4
1.0				2.4
1.0				2.4
1.0				2.5
1.0				2.5
1.0				2.5
1.0				2.5
1.0				2.5
1.0				2.5
1.0				2.5
1.0				2.5
1.0				2.5
1.0				2.6
1.0				2.6
1.0				2.6
1.0				2.6
1.0				2.6
1.0				2.6
1.0				2.6
1.0				2.7
1.0				2.7
1.0				2.7
1.0				2.7
1.0				2.7
1.0				2.7
1.0				2.7
1.0				2.7
1.0				2.7
1.0				2.7
1.0				2.8
1.0				2.8
1.0				2.8
1.0				2.8
1.0				2.8
1.0				2.8
1.0				2.8
1.0				2.8
1.0				2.8
1.0				2.8
1.0				2.9
1.0				2.9
1.0				2.9
1.0				2.9
1.0				2.9
1.0				2.9
1.0				2.9
1.0				3.0
1.0				3.0
1.0				3.0
1.0				3.1
1.0				3.1
1.0				3.1
1.0				3.1
1.0				3.1
1.0				3.1
1.0				3.2
1.0				3.2
1.0				3.2
1.0				3.2
1.0				3.2
1.0				3.2
1.0				3.3
1.0				3.3
1.0				3.4
1.0				3.4
1.0				3.4
1.0				3.4
1.0				3.4
1.0				3.5
1.0				3.5
1.0				3.6
1.0				3.6
1.0				3.6
1.0				3.7
1.0				3.8
1.0				3.9
1.0				3.9
1.0				4.0
1.0				4.0
1.0				4.1
1.0				4.1
1.0				4.2
1.0				4.2
1.0				4.4
1.0				4.4
1.0				4.5
1.0				4.6
1.0				4.7
1.0				4.8
1.0				4.9
1.0				5.0
1.0				5.1
1.0				5.1
1.0				5.2
1.0				5.2
1.0				5.3
1.0				5.4
1.0				5.6
1.0				5.7
1.0				6.4
1.0				7.3
1.0				8.9
1.0				9.2
1.0				9.4
1.0				9.8
1.0				11.2
1.0				15.0
1.0				19.9
1.0				40.1
2.0				1.3
2.0				1.3
2.0				1.5
2.0				1.6
2.0				1.6
2.0				1.6
2.0				1.6
2.0				1.6
2.0				1.7
2.0				1.7
2.0				1.7
2.0				1.7
2.0				1.7
2.0				1.8
2.0				1.8
2.0				1.8
2.0				1.8
2.0				1.9
2.0				1.9
2.0				1.9
2.0				2.0
2.0				2.0
2.0				2.0
2.0				2.0
2.0				2.0
2.0				2.1
2.0				2.1
2.0				2.1
2.0				2.2
2.0				2.2
2.0				2.2
2.0				2.2
2.0				2.2
2.0				2.2
2.0				2.3
2.0				2.3
2.0				2.3
2.0				2.3
2.0				2.3
2.0				2.4
2.0				2.4
2.0				2.4
2.0				2.4
2.0				2.4
2.0				2.4
2.0				2.4
2.0				2.4
2.0				2.4
2.0				2.4
2.0				2.4
2.0				2.4
2.0				2.5
2.0				2.5
2.0				2.5
2.0				2.5
2.0				2.5
2.0				2.5
2.0				2.6
2.0				2.6
2.0				2.6
2.0				2.6
2.0				2.6
2.0				2.7
2.0				2.7
2.0				2.7
2.0				2.8
2.0				2.8
2.0				2.9
2.0				2.9
2.0				3.0
2.0				3.0
2.0				3.0
2.0				3.1
2.0				3.1
2.0				3.1
2.0				3.1
2.0				3.2
2.0				3.2
2.0				3.3
2.0				3.3
2.0				3.3
2.0				3.4
2.0				3.4
2.0				3.4
2.0				3.5
2.0				3.5
2.0				3.5
2.0				3.5
2.0				3.7
2.0				3.7
2.0				3.7
2.0				3.8
2.0				3.8
2.0				3.9
2.0				4.0
2.0				4.0
2.0				4.1
2.0				4.1
2.0				4.1
2.0				4.2
2.0				4.3
2.0				4.3
2.0				4.5
2.0				4.5
2.0				4.5
2.0				4.6
2.0				4.9
2.0				4.9
2.0				5.0
2.0				5.1
2.0				5.3
2.0				5.4
2.0				5.6
2.0				6.3
2.0				6.5
2.0				8.0
2.0				8.2
2.0				10.0
2.0				31.9
3.0				1.3
3.0				1.6
3.0				1.9
3.0				1.9
3.0				2.0
3.0				2.1
3.0				2.2
3.0				2.3
3.0				2.3
3.0				2.5
3.0				2.6
3.0				2.6
3.0				2.6
3.0				2.8
3.0				2.8
3.0				2.9
3.0				2.9
3.0				3.0
3.0				3.0
3.0				3.0
3.0				3.1
3.0				3.1
3.0				3.1
3.0				3.2
3.0				3.2
3.0				3.3
3.0				3.3
3.0				3.3
3.0				3.4
3.0				3.4
3.0				3.5
3.0				3.5
3.0				3.5
3.0				3.5
3.0				3.6
3.0				3.6
3.0				3.6
3.0				3.7
3.0				3.9
3.0				4.1
3.0				4.1
3.0				4.1
3.0				4.2
3.0				4.2
3.0				4.3
3.0				4.5
3.0				4.7
3.0				5.0
3.0				5.1
3.0				5.2
3.0				5.2
3.0				5.3
3.0				5.3
3.0				5.3
3.0				5.4
3.0				5.7
3.0				5.7
3.0				5.9
3.0				6.0
3.0				6.7
3.0				6.7
3.0				6.9
3.0				7.3
3.0				7.4
3.0				7.8
3.0				7.8
3.0				8.0
3.0				8.3
3.0				17.4
3.0				19.1
3.0				59.2
4.0				2.1
4.0				2.3
4.0				2.4
4.0				2.5
4.0				2.6
4.0				2.7
4.0				2.7
4.0				3.0
4.0				3.1
4.0				3.3
4.0				3.4
4.0				3.4
4.0				3.5
4.0				3.6
4.0				3.6
4.0				3.9
4.0				3.9
4.0				4.0
4.0				4.0
4.0				4.1
4.0				4.4
4.0				4.6
4.0				4.8
4.0				4.8
4.0				4.9
4.0				5.0
4.0				5.0
4.0				5.0
4.0				5.1
4.0				5.3
4.0				5.7
4.0				5.7
4.0				5.8
4.0				6.0
4.0				6.4
4.0				6.4
4.0				6.4
4.0				6.5
4.0				6.6
4.0				6.9
4.0				7.0
4.0				7.1
4.0				7.1
4.0				7.1
4.0				7.1
4.0				7.5
4.0				7.7
4.0				9.0
4.0				9.4
4.0				9.4
4.0				9.4
4.0				9.6
4.0				9.7
4.0				9.9
4.0				10.4
4.0				10.6
4.0				11.2
4.0				12.9
4.0				15.5
4.0				17.4
4.0				19.2
4.0				20.3
4.0				25.0
4.0				30.6
4.0				50.6
5.0				2.8
5.0				3.0
5.0				3.6
5.0				3.9
5.0				4.1
5.0				4.3
5.0				4.4
5.0				5.1
5.0				5.1
5.0				5.1
5.0				5.2
5.0				5.4
5.0				5.6
5.0				6.0
5.0				6.2
5.0				6.2
5.0				6.5
5.0				6.5
5.0				6.7
5.0				6.8
5.0				6.8
5.0				6.8
5.0				6.9
5.0				7.0
5.0				7.6
5.0				7.8
5.0				7.9
5.0				8.0
5.0				8.2
5.0				8.2
5.0				8.2
5.0				8.5
5.0				8.5
5.0				8.7
5.0				8.8
5.0				8.8
5.0				9.1
5.0				10.3
5.0				10.5
5.0				11.8
5.0				11.9
5.0				13.0
5.0				14.8
5.0				22.2
5.0				47.6
6.0				2.8
6.0				3.1
6.0				3.9
6.0				4.3
6.0				4.4
6.0				4.5
6.0				5.2
6.0				6.0
6.0				6.4
6.0				6.9
6.0				7.1
6.0				7.3
6.0				7.5
6.0				7.6
6.0				7.7
6.0				8.1
6.0				8.6
6.0				9.5
6.0				10.3
6.0				11.0
6.0				11.9
6.0				12.8
6.0				13.8
6.0				15.0
6.0				15.5
6.0				17.2
6.0				17.7
6.0				18.2
6.0				20.9
7.0				2.6
7.0				3.5
7.0				3.6
7.0				4.0
7.0				5.7
7.0				6.2
7.0				6.4
7.0				6.5
7.0				6.5
7.0				6.5
7.0				6.6
7.0				6.8
7.0				6.8
7.0				7.4
7.0				7.6
7.0				7.6
7.0				7.6
7.0				8.3
7.0				8.6
7.0				9.1
7.0				10.3
7.0				11.2
7.0				11.2
7.0				11.5
7.0				11.6
7.0				11.7
7.0				12.9
7.0				13.1
7.0				13.1
7.0				14.7
7.0				15.9
7.0				19.2
8.0				4.1
8.0				4.5
8.0				4.5
8.0				5.9
8.0				6.1
8.0				6.1
8.0				6.8
8.0				6.9
8.0				6.9
8.0				7.3
8.0				7.4
8.0				7.9
8.0				8.2
8.0				8.3
8.0				8.6
8.0				8.7
8.0				8.8
8.0				9.1
8.0				9.2
8.0				9.3
8.0				9.4
8.0				9.6
8.0				9.9
8.0				10.1
8.0				10.6
8.0				10.6
8.0				10.9
8.0				10.9
8.0				11.2
8.0				11.2
8.0				11.6
8.0				11.7
8.0				11.8
8.0				12.3
8.0				12.4
8.0				12.4
8.0				12.6
8.0				13.0
8.0				13.2
8.0				13.3
8.0				13.3
8.0				14.0
8.0				14.1
8.0				14.3
8.0				14.6
8.0				14.7
8.0				15.4
8.0				15.9
8.0				16.0
8.0				16.4
8.0				17.0
8.0				17.1
8.0				17.7
8.0				18.1
8.0				18.1
8.0				18.8
8.0				19.0
8.0				38.5
8.0				59.2
9.0				2.9
9.0				4.2
9.0				5.2
9.0				5.7
9.0				6.0
9.0				6.2
9.0				7.3
9.0				7.5
9.0				7.7
9.0				7.9
9.0				8.1
9.0				8.2
9.0				8.6
9.0				8.8
9.0				8.9
9.0				9.4
9.0				9.8
9.0				9.9
9.0				10.2
9.0				10.2
9.0				10.7
9.0				11.0
9.0				11.3
9.0				11.6
9.0				11.6
9.0				12.2
9.0				12.3
9.0				13.5
9.0				13.5
9.0				15.0
9.0				15.1
9.0				15.1
9.0				15.9
9.0				16.0
9.0				17.1
9.0				18.2
9.0				20.3
9.0				26.0
9.0				28.7
9.0				77.1
10.0				6.5
10.0				6.8
10.0				7.6
10.0				7.9
10.0				8.7
10.0				8.8
10.0				9.1
10.0				9.1
10.0				9.3
10.0				9.7
10.0				9.8
10.0				9.9
10.0				10.6
10.0				11.9
10.0				12.0
10.0				12.1
10.0				12.1
10.0				12.4
10.0				12.8
10.0				13.1
10.0				13.4
10.0				13.7
10.0				13.8
10.0				13.9
10.0				14.5
10.0				14.7
10.0				14.8
10.0				14.8
10.0				15.1
10.0				16.1
10.0				17.1
10.0				17.4
10.0				17.7
10.0				17.7
10.0				22.5
11.0				7.3
11.0				7.6
11.0				8.7
11.0				9.0
11.0				9.3
11.0				12.1
11.0				12.5
11.0				12.6
11.0				12.7
11.0				13.1
11.0				13.3
11.0				14.0
11.0				16.7
11.0				18.2
11.0				18.7
11.0				19.2
12.0				5.2
12.0				5.9
12.0				9.9
12.0				12.2
12.0				12.3
12.0				12.4
12.0				12.7
12.0				13.1
12.0				13.5
12.0				13.6
12.0				13.6
12.0				13.8
12.0				14.2
12.0				14.6
12.0				14.6
12.0				14.7
12.0				15.5
12.0				15.8
12.0				18.2
12.0				19.3
12.0				20.8
12.0				21.3
12.0				26.6
12.0				27.9
12.0				35.0
12.0				37.4
12.0				43.3
13.0				7.4
13.0				7.8
13.0				8.0
13.0				9.8
13.0				11.6
13.0				14.2
13.0				14.2
13.0				14.4
13.0				14.5
13.0				14.6
13.0				15.1
13.0				15.3
13.0				15.7
13.0				19.0
13.0				21.3
13.0				22.3
13.0				22.6
13.0				32.6
13.0				43.4
14.0				7.5
14.0				8.0
14.0				8.5
14.0				8.5
14.0				8.6
14.0				9.1
14.0				9.5
14.0				10.3
14.0				10.4
14.0				10.8
14.0				10.9
14.0				11.2
14.0				11.7
14.0				11.8
14.0				12.0
14.0				12.2
14.0				12.2
14.0				12.3
14.0				12.8
14.0				12.9
14.0				12.9
14.0				12.9
14.0				13.2
14.0				14.4
14.0				14.8
14.0				15.1
14.0				16.6
14.0				17.9
14.0				19.5
14.0				19.6
14.0				20.6
14.0				21.2
14.0				23.1
14.0				26.8
14.0				29.5
15.0				10.1
15.0				10.5
15.0				10.7
15.0				11.2
15.0				11.3
15.0				12.2
15.0				13.6
15.0				13.6
15.0				13.9
15.0				14.0
15.0				14.3
15.0				14.4
15.0				14.9
15.0				15.3
15.0				15.3
15.0				15.6
15.0				16.0
15.0				16.4
15.0				16.9
15.0				16.9
15.0				17.1
15.0				17.3
15.0				17.5
15.0				17.7
15.0				17.9
15.0				18.5
15.0				18.6
15.0				19.9
15.0				20.5
15.0				21.5
15.0				21.7
15.0				22.8
15.0				23.3
15.0				24.2
15.0				24.4
15.0				42.3
16.0				7.3
16.0				10.0
16.0				10.1
16.0				10.3
16.0				11.2
16.0				12.0
16.0				12.0
16.0				12.3
16.0				12.9
16.0				13.4
16.0				13.6
16.0				13.8
16.0				14.2
16.0				14.2
16.0				14.3
16.0				15.2
16.0				15.3
16.0				15.6
16.0				15.6
16.0				16.0
16.0				16.2
16.0				16.4
16.0				16.7
16.0				17.2
16.0				17.7
16.0				17.8
16.0				18.3
16.0				18.5
16.0				18.5
16.0				19.0
16.0				19.2
16.0				20.4
16.0				20.5
16.0				20.5
16.0				20.6
16.0				20.9
16.0				22.3
16.0				23.6
16.0				23.7
16.0				23.8
16.0				24.3
16.0				24.9
16.0				25.3
16.0				25.5
16.0				25.8
16.0				25.8
16.0				26.6
16.0				28.3
16.0				30.2
16.0				30.6
16.0				34.4
16.0				34.6
16.0				38.4
17.0				10.3
17.0				12.3
17.0				14.3
17.0				15.3
17.0				15.6
17.0				16.2
17.0				17.1
17.0				17.3
17.0				20.1
17.0				20.3
17.0				20.4
17.0				20.5
17.0				21.3
17.0				21.6
17.0				22.5
17.0				23.4
17.0				24.6
17.0				25.6
17.0				26.5
17.0				26.5
17.0				26.9
17.0				34.8
17.0				35.7
17.0				37.4
17.0				38.1
17.0				40.0
18.0				9.1
18.0				12.5
18.0				12.8
18.0				14.5
18.0				14.5
18.0				14.8
18.0				15.0
18.0				15.1
18.0				15.4
18.0				15.9
18.0				16.9
18.0				17.0
18.0				17.1
18.0				17.4
18.0				18.1
18.0				18.2
18.0				18.4
18.0				18.5
18.0				18.6
18.0				18.8
18.0				18.9
18.0				19.1
18.0				19.5
18.0				19.8
18.0				19.9
18.0				21.2
18.0				21.5
18.0				21.9
18.0				22.1
18.0				22.1
18.0				22.3
18.0				22.6
18.0				22.7
18.0				22.8
18.0				23.8
18.0				23.8
18.0				24.0
18.0				24.2
18.0				24.9
18.0				25.1
18.0				25.8
18.0				26.4
18.0				26.8
18.0				29.1
18.0				35.5
18.0				42.1
19.0				13.7
19.0				15.5
19.0				15.7
19.0				17.2
19.0				18.4
19.0				19.0
19.0				19.3
19.0				20.9
19.0				21.4
19.0				22.0
19.0				24.6
19.0				25.6
19.0				26.3
19.0				27.8
19.0				31.4
20.0				11.2
20.0				13.2
20.0				14.6
20.0				16.8
20.0				17.7
20.0				18.2
20.0				18.9
20.0				19.0
20.0				19.1
20.0				19.3
20.0				19.6
20.0				20.0
20.0				20.4
20.0				20.5
20.0				21.3
20.0				21.8
20.0				23.0
20.0				23.8
20.0				24.1
20.0				24.2
20.0				24.8
20.0				25.0
20.0				29.8
20.0				32.3
20.0				32.5
20.0				44.6
21.0				5.1
21.0				7.7
21.0				10.6
21.0				17.7
21.0				18.0
21.0				18.4
21.0				18.5
21.0				18.8
21.0				19.0
21.0				20.3
21.0				20.7
21.0				20.8
21.0				21.1
21.0				21.1
21.0				21.6
21.0				22.0
21.0				22.1
21.0				22.2
21.0				22.9
21.0				22.9
21.0				23.1
21.0				23.1
21.0				23.4
21.0				23.7
21.0				23.8
21.0				24.1
21.0				24.9
21.0				25.5
21.0				26.6
21.0				28.3
21.0				30.2
21.0				30.8
21.0				40.5
21.0				46.3
22.0				11.7
22.0				14.1
22.0				15.1
22.0				15.4
22.0				16.8
22.0				17.7
22.0				18.6
22.0				19.0
22.0				19.2
22.0				20.6
22.0				20.8
22.0				21.0
22.0				21.3
22.0				21.3
22.0				21.7
22.0				21.8
22.0				21.8
22.0				21.8
22.0				22.2
22.0				22.8
22.0				23.0
22.0				25.2
22.0				25.7
22.0				26.6
22.0				27.4
22.0				28.9
22.0				30.2
22.0				31.4
22.0				32.1
22.0				32.2
22.0				34.7
22.0				36.2
22.0				41.5
22.0				45.4
22.0				52.1
23.0				12.6
23.0				17.8
23.0				18.0
23.0				18.2
23.0				18.4
23.0				18.7
23.0				18.9
23.0				20.9
23.0				21.7
23.0				21.9
23.0				22.5
23.0				22.9
23.0				22.9
23.0				23.6
23.0				24.4
23.0				25.4
23.0				25.4
23.0				26.6
23.0				28.5
23.0				28.9
23.0				32.5
23.0				37.4
23.0				49.5
24.0				14.7
24.0				15.9
24.0				15.9
24.0				16.9
24.0				18.1
24.0				18.1
24.0				18.7
24.0				19.2
24.0				19.5
24.0				20.1
24.0				20.3
24.0				20.6
24.0				21.5
24.0				21.7
24.0				22.4
24.0				22.4
24.0				23.6
24.0				23.7
24.0				24.1
24.0				24.4
24.0				24.4
24.0				24.5
24.0				24.7
24.0				24.7
24.0				24.8
24.0				25.0
24.0				26.1
24.0				26.2
24.0				26.5
24.0				26.9
24.0				27.1
24.0				27.4
24.0				27.5
24.0				27.7
24.0				28.9
24.0				29.3
24.0				29.4
24.0				29.7
24.0				29.8
24.0				30.1
24.0				30.4
24.0				31.9
24.0				32.7
24.0				33.2
24.0				33.7
24.0				33.8
24.0				35.4
24.0				35.8
25.0				13.0
25.0				15.2
25.0				15.4
25.0				19.0
25.0				19.2
25.0				21.6
25.0				21.8
25.0				22.2
25.0				22.2
25.0				22.3
25.0				22.7
25.0				22.9
25.0				24.7
25.0				25.2
25.0				25.8
25.0				26.1
25.0				26.2
25.0				26.4
25.0				26.5
25.0				26.9
25.0				27.2
25.0				28.1
25.0				28.6
25.0				29.2
25.0				29.5
25.0				29.7
25.0				32.0
25.0				33.0
25.0				33.8
25.0				34.5
25.0				34.7
25.0				35.1
25.0				36.8
25.0				36.9
25.0				40.7
25.0				40.7
25.0				41.6
25.0				43.7
25.0				54.6
26.0				16.9
26.0				17.0
26.0				17.5
26.0				19.6
26.0				19.9
26.0				19.9
26.0				20.4
26.0				20.8
26.0				20.8
26.0				21.1
26.0				21.2
26.0				21.3
26.0				21.9
26.0				21.9
26.0				22.0
26.0				22.4
26.0				22.7
26.0				22.7
26.0				22.8
26.0				22.9
26.0				23.1
26.0				23.6
26.0				23.9
26.0				23.9
26.0				24.2
26.0				24.3
26.0				24.5
26.0				24.7
26.0				25.0
26.0				25.2
26.0				25.2
26.0				25.7
26.0				26.0
26.0				26.0
26.0				26.1
26.0				26.3
26.0				26.6
26.0				26.7
26.0				26.7
26.0				26.9
26.0				27.0
26.0				27.0
26.0				27.1
26.0				27.2
26.0				27.5
26.0				27.8
26.0				28.0
26.0				28.2
26.0				28.4
26.0				29.0
26.0				29.6
26.0				30.1
26.0				30.6
26.0				31.3
26.0				31.3
26.0				32.0
26.0				32.1
26.0				32.2
26.0				32.7
26.0				33.4
26.0				34.2
26.0				34.4
26.0				35.2
26.0				36.9
26.0				36.9
26.0				37.7
26.0				39.0
26.0				39.7
26.0				42.8
26.0				49.6
27.0				15.0
27.0				17.8
27.0				18.7
27.0				18.9
27.0				21.4
27.0				22.8
27.0				23.8
27.0				24.0
27.0				24.1
27.0				24.7
27.0				24.8
27.0				24.9
27.0				25.0
27.0				26.3
27.0				26.3
27.0				26.7
27.0				26.8
27.0				27.5
27.0				29.2
27.0				31.7
27.0				31.8
27.0				33.8
27.0				34.1
27.0				35.8
27.0				36.7
27.0				37.1
27.0				37.3
27.0				37.6
27.0				41.2
27.0				41.8
27.0				42.7
27.0				48.5
28.0				18.0
28.0				21.1
28.0				21.5
28.0				21.6
28.0				21.6
28.0				22.9
28.0				23.4
28.0				24.8
28.0				25.1
28.0				25.8
28.0				26.3
28.0				26.5
28.0				26.8
28.0				26.8
28.0				26.9
28.0				27.1
28.0				29.0
28.0				29.5
28.0				29.9
28.0				30.0
28.0				30.7
28.0				30.8
28.0				30.8
28.0				31.0
28.0				31.0
28.0				31.2
28.0				32.2
28.0				32.9
28.0				33.2
28.0				33.2
28.0				34.6
28.0				35.2
28.0				35.5
28.0				35.6
28.0				37.6
28.0				39.3
28.0				44.1
29.0				17.9
29.0				18.2
29.0				21.8
29.0				24.0
29.0				24.3
29.0				25.9
29.0				25.9
29.0				26.1
29.0				26.4
29.0				26.7
29.0				26.7
29.0				27.0
29.0				27.3
29.0				28.0
29.0				28.6
29.0				29.1
29.0				29.2
29.0				29.4
29.0				29.8
29.0				30.0
29.0				31.5
29.0				31.6
29.0				33.0
29.0				33.1
29.0				34.8
29.0				36.9
29.0				37.1
29.0				37.1
29.0				37.3
29.0				38.2
29.0				38.3
29.0				38.5
29.0				38.7
29.0				39.2
29.0				40.4
29.0				40.6
29.0				42.6
29.0				45.5
30.0				10.7
30.0				13.4
30.0				18.1
30.0				18.4
30.0				21.6
30.0				22.8
30.0				22.8
30.0				24.2
30.0				25.3
30.0				26.0
30.0				26.1
30.0				27.3
30.0				27.6
30.0				28.5
30.0				29.4
30.0				29.9
30.0				30.4
30.0				32.7
30.0				32.8
30.0				33.2
30.0				33.4
30.0				39.0
30.0				39.0
30.0				40.0
30.0				40.6
30.0				42.7
30.0				48.8
30.0				49.5
31.0				18.3
31.0				18.9
31.0				22.4
31.0				23.5
31.0				23.7
31.0				25.4
31.0				25.5
31.0				27.2
31.0				28.2
31.0				30.2
31.0				30.8
31.0				30.9
31.0				32.5
31.0				32.8
31.0				33.2
31.0				34.9
31.0				36.7
31.0				37.2
31.0				37.5
31.0				37.6
31.0				39.5
31.0				43.9
31.0				44.2
31.0				52.3
31.0				57.0
32.0				13.8
32.0				18.3
32.0				22.1
32.0				23.7
32.0				25.1
32.0				25.5
32.0				25.8
32.0				26.0
32.0				26.1
32.0				27.6
32.0				27.8
32.0				28.1
32.0				29.0
32.0				29.4
32.0				30.0
32.0				30.4
32.0				30.8
32.0				31.3
32.0				31.5
32.0				31.8
32.0				34.2
32.0				34.6
32.0				34.6
32.0				35.0
32.0				35.0
32.0				35.1
32.0				36.6
32.0				36.8
32.0				37.2
32.0				37.9
32.0				38.0
32.0				38.2
32.0				39.9
32.0				42.9
32.0				43.2
32.0				46.4
33.0				21.1
33.0				26.1
33.0				30.7
33.0				32.7
33.0				33.9
33.0				35.3
33.0				36.8
33.0				38.3
33.0				42.8
33.0				47.0
33.0				47.5
33.0				52.6
34.0				21.1
34.0				21.8
34.0				22.0
34.0				27.5
34.0				27.7
34.0				30.0
34.0				30.5
34.0				30.8
34.0				32.5
34.0				33.5
34.0				34.0
34.0				35.6
34.0				36.5
34.0				38.7
34.0				38.9
34.0				39.7
34.0				40.6
34.0				42.2
34.0				46.1
34.0				46.6
34.0				48.9
34.0				56.7
35.0				22.6
35.0				25.8
35.0				27.0
35.0				27.5
35.0				27.8
35.0				28.4
35.0				29.2
35.0				29.6
35.0				30.5
35.0				31.0
35.0				31.3
35.0				31.5
35.0				31.6
35.0				31.9
35.0				32.0
35.0				33.7
35.0				35.1
35.0				35.7
35.0				36.1
35.0				38.3
35.0				38.6
35.0				38.9
35.0				39.7
35.0				39.9
35.0				40.6
35.0				41.5
35.0				43.3
35.0				44.2
35.0				46.2
35.0				46.7
35.0				48.1
36.0				17.2
36.0				24.5
36.0				25.2
36.0				25.4
36.0				29.0
36.0				29.5
36.0				31.3
36.0				32.0
36.0				32.7
36.0				34.3
36.0				34.6
36.0				34.7
36.0				34.7
36.0				34.9
36.0				35.4
36.0				35.6
36.0				36.3
36.0				36.4
36.0				37.1
36.0				39.1
36.0				39.2
36.0				42.2
36.0				43.3
36.0				44.0
36.0				49.4
36.0				53.0
36.0				54.6
36.0				57.3
37.0				16.3
37.0				17.9
37.0				19.4
37.0				24.7
37.0				26.3
37.0				27.0
37.0				27.5
37.0				28.0
37.0				28.8
37.0				29.6
37.0				30.1
37.0				30.6
37.0				33.4
37.0				35.1
37.0				38.8
37.0				39.8
37.0				40.1
37.0				43.8
37.0				44.3
37.0				46.5
37.0				50.2
37.0				52.2
37.0				53.6
37.0				57.7
38.0				24.2
38.0				32.2
38.0				33.0
38.0				33.0
38.0				33.1
38.0				33.4
38.0				34.0
38.0				34.4
38.0				35.7
38.0				36.6
38.0				36.9
38.0				38.1
38.0				39.2
38.0				41.5
38.0				42.0
38.0				44.2
38.0				46.3
38.0				50.2
38.0				51.3
38.0				51.4
38.0				54.2
38.0				54.9
38.0				55.9
39.0				24.3
39.0				27.4
39.0				27.8
39.0				29.5
39.0				31.9
39.0				33.1
39.0				34.9
39.0				35.1
39.0				35.3
39.0				36.5
39.0				37.3
39.0				37.8
39.0				38.1
39.0				38.6
39.0				39.0
39.0				40.7
39.0				42.0
39.0				42.0
39.0				42.6
39.0				42.7
39.0				43.5
39.0				44.0
39.0				44.2
39.0				44.8
39.0				45.7
39.0				46.8
39.0				47.1
39.0				47.5
39.0				48.7
39.0				51.9
39.0				51.9
39.0				53.3
39.0				54.0
39.0				56.9
40.0				22.7
40.0				23.8
40.0				24.6
40.0				31.7
40.0				32.1
40.0				33.5
40.0				34.2
40.0				34.6
40.0				36.1
40.0				36.6
40.0				39.3
40.0				39.3
40.0				39.3
40.0				43.0
40.0				43.1
40.0				44.7
40.0				44.8
40.0				45.3
40.0				47.0
40.0				49.6
40.0				53.8
40.0				54.1
41.0				23.8
41.0				28.2
41.0				31.6
41.0				33.8
41.0				36.0
41.0				36.8
41.0				37.4
41.0				40.7
41.0				45.1
41.0				46.9
41.0				49.4
41.0				55.1
41.0				60.0
41.0				62.1
42.0				25.9
42.0				38.5
42.0				41.6
42.0				42.2
42.0				42.7
42.0				43.5
42.0				43.9
42.0				44.6
42.0				44.7
42.0				44.8
42.0				46.2
42.0				46.7
42.0				49.3
42.0				49.5
42.0				50.1
42.0				50.7
42.0				51.8
42.0				51.9
42.0				52.4
42.0				54.1
42.0				56.5
43.0				30.8
43.0				35.1
43.0				36.5
43.0				37.3
43.0				37.7
43.0				40.3
43.0				40.9
43.0				40.9
43.0				42.0
43.0				46.5
43.0				47.2
43.0				48.7
43.0				55.7
44.0				34.5
44.0				35.5
44.0				44.8
44.0				46.7
44.0				48.1
44.0				56.3
44.0				58.6
45.0				21.0
45.0				30.6
45.0				32.0
45.0				37.6
45.0				40.2
45.0				41.8
45.0				42.3
45.0				43.2
45.0				44.4
45.0				44.7
45.0				45.8
45.0				47.4
45.0				47.9
45.0				50.3
45.0				50.6
45.0				51.0
45.0				53.2
45.0				54.8
45.0				55.1
45.0				65.2
46.0				27.1
46.0				29.2
46.0				29.3
46.0				34.1
46.0				34.5
46.0				35.3
46.0				35.8
46.0				36.7
46.0				36.9
46.0				45.2
46.0				47.7
46.0				49.2
46.0				51.0
46.0				51.2
46.0				52.6
46.0				60.4
47.0				24.5
47.0				27.5
47.0				31.7
47.0				40.6
47.0				43.6
47.0				44.0
47.0				45.9
47.0				46.0
47.0				49.8
47.0				50.8
47.0				54.9
47.0				57.1
47.0				57.4
47.0				58.7
47.0				59.1
47.0				60.4
47.0				62.6
47.0				71.2
48.0				34.0
48.0				40.0
48.0				43.5
48.0				44.3
48.0				45.2
48.0				45.5
48.0				47.1
48.0				49.0
48.0				51.5
48.0				51.9
48.0				52.6
48.0				54.1
48.0				56.6
48.0				56.7
48.0				59.6
48.0				62.2
49.0				29.8
49.0				32.3
49.0				36.9
49.0				38.7
49.0				40.5
49.0				43.5
49.0				45.5
49.0				47.0
49.0				47.5
49.0				47.8
49.0				47.8
49.0				47.9
49.0				48.8
49.0				49.1
49.0				49.6
49.0				50.2
49.0				50.9
49.0				51.1
49.0				54.5
49.0				56.8
49.0				57.4
49.0				59.3
49.0				64.4
49.0				72.9
49.0				74.0
50.0				27.0
50.0				34.0
50.0				36.4
50.0				37.4
50.0				37.4
50.0				38.2
50.0				40.4
50.0				41.1
50.0				43.1
50.0				43.7
50.0				44.2
50.0				45.3
50.0				46.1
50.0				48.9
50.0				49.2
50.0				49.3
50.0				50.3
50.0				50.7
50.0				50.9
50.0				51.8
50.0				52.2
50.0				55.2
50.0				56.5
50.0				58.4
50.0				60.5
50.0				63.6
50.0				64.7
51.0				37.0
51.0				43.0
51.0				43.1
51.0				43.7
51.0				44.1
51.0				46.2
51.0				47.8
51.0				48.3
51.0				53.2
51.0				54.6
51.0				54.6
51.0				55.4
51.0				56.6
51.0				58.9
51.0				65.1
51.0				70.8
52.0				36.6
52.0				38.0
52.0				38.6
52.0				41.6
52.0				41.9
52.0				43.4
52.0				43.9
52.0				44.4
52.0				46.6
52.0				47.4
52.0				47.8
52.0				49.0
52.0				49.1
52.0				52.9
52.0				54.1
52.0				54.3
52.0				54.4
52.0				54.9
52.0				55.7
52.0				55.8
52.0				56.0
52.0				57.6
52.0				57.7
52.0				60.1
52.0				60.7
52.0				61.1
52.0				61.7
52.0				62.8
52.0				63.2
52.0				64.8
52.0				66.8
52.0				67.2
52.0				68.9
52.0				72.1
53.0				27.5
53.0				32.8
53.0				38.3
53.0				39.8
53.0				39.9
53.0				43.9
53.0				47.2
53.0				47.4
53.0				47.4
53.0				48.1
53.0				48.3
53.0				49.4
53.0				50.5
53.0				51.1
53.0				52.6
53.0				53.1
53.0				53.1
53.0				53.7
53.0				54.8
53.0				55.7
53.0				56.7
53.0				58.0
53.0				58.6
53.0				58.7
53.0				59.0
53.0				61.6
53.0				62.2
53.0				62.3
53.0				62.7
53.0				65.7
53.0				70.5
53.0				73.8
53.0				73.8
53.0				76.9
54.0				38.1
54.0				39.7
54.0				40.4
54.0				43.3
54.0				44.6
54.0				46.6
54.0				49.8
54.0				50.3
54.0				51.0
54.0				51.8
54.0				52.8
54.0				53.4
54.0				54.3
54.0				54.6
54.0				56.2
54.0				56.9
54.0				57.4
54.0				57.5
54.0				58.3
54.0				58.7
54.0				59.0
54.0				59.9
54.0				60.4
54.0				63.9
54.0				67.1
54.0				67.3
54.0				71.1
55.0				31.8
55.0				40.6
55.0				41.3
55.0				43.7
55.0				48.6
55.0				54.0
55.0				57.2
55.0				58.5
55.0				59.3
55.0				59.6
55.0				60.3
55.0				61.9
55.0				66.0
56.0				30.8
56.0				34.0
56.0				35.9
56.0				37.7
56.0				40.4
56.0				40.7
56.0				44.5
56.0				46.3
56.0				47.8
56.0				48.2
56.0				50.0
56.0				50.4
56.0				50.5
56.0				52.6
56.0				54.1
56.0				54.3
56.0				55.9
56.0				56.5
56.0				58.5
56.0				58.8
56.0				59.7
56.0				60.5
56.0				60.9
56.0				60.9
56.0				61.5
56.0				61.5
56.0				62.1
56.0				64.7
56.0				68.3
56.0				68.6
56.0				74.1
56.0				74.3
56.0				82.6
57.0				24.8
57.0				40.6
57.0				46.7
57.0				51.5
57.0				54.1
57.0				55.4
57.0				58.1
57.0				59.0
57.0				60.6
57.0				61.0
57.0				64.7
57.0				65.2
57.0				66.2
57.0				67.8
57.0				70.3
58.0				40.8
58.0				41.3
58.0				44.9
58.0				45.5
58.0				49.1
58.0				54.7
58.0				54.9
58.0				55.4
58.0				55.7
58.0				57.0
58.0				57.4
58.0				57.8
58.0				58.3
58.0				58.6
58.0				59.3
58.0				62.4
58.0				62.4
58.0				63.9
58.0				65.4
58.0				65.4
58.0				69.3
58.0				73.5
58.0				74.3
58.0				78.0
59.0				29.5
59.0				33.4
59.0				46.9
59.0				53.5
59.0				53.6
59.0				54.9
59.0				55.1
59.0				55.6
59.0				56.8
59.0				57.7
59.0				58.5
59.0				59.0
59.0				59.5
59.0				64.5
59.0				71.2
60.0				34.5
60.0				43.9
60.0				45.2
60.0				47.3
60.0				49.4
60.0				50.4
60.0				52.5
60.0				52.8
60.0				53.2
60.0				53.2
60.0				53.8
60.0				54.4
60.0				55.6
60.0				56.0
60.0				57.6
60.0				57.6
60.0				57.9
60.0				60.7
60.0				61.3
60.0				62.1
60.0				62.8
60.0				64.2
60.0				64.6
60.0				65.8
60.0				65.9
60.0				66.4
60.0				67.0
60.0				67.9
60.0				68.4
60.0				69.0
60.0				69.0
60.0				70.4
60.0				70.6
60.0				72.7
60.0				73.4
61.0				42.1
61.0				48.9
61.0				52.7
61.0				55.4
61.0				56.2
61.0				57.7
61.0				61.3
61.0				61.8
61.0				67.3
61.0				67.5
61.0				68.3
61.0				71.8
61.0				76.2
62.0				32.8
62.0				50.1
62.0				50.2
62.0				51.4
62.0				53.1
62.0				54.1
62.0				57.3
62.0				58.7
62.0				59.7
62.0				60.7
62.0				61.6
62.0				61.8
62.0				62.1
62.0				62.8
62.0				66.7
62.0				69.8
62.0				71.7
62.0				74.7
62.0				78.9
63.0				53.1
63.0				60.0
63.0				60.0
63.0				61.6
63.0				62.3
63.0				63.9
63.0				64.2
63.0				66.7
63.0				74.4
63.0				77.3
63.0				77.6
63.0				85.0
64.0				49.7
64.0				55.8
64.0				57.8
64.0				60.7
64.0				62.9
64.0				63.1
64.0				66.6
64.0				67.6
65.0				31.4
65.0				33.9
65.0				36.0
65.0				44.5
65.0				50.3
65.0				53.1
65.0				53.4
65.0				55.1
65.0				55.8
65.0				57.1
65.0				57.2
65.0				57.4
65.0				57.4
65.0				58.8
65.0				60.9
65.0				61.2
65.0				61.5
65.0				62.9
65.0				64.8
65.0				65.3
65.0				65.8
65.0				66.9
65.0				67.1
65.0				68.5
65.0				69.4
65.0				69.9
65.0				69.9
65.0				70.2
65.0				70.4
66.0				45.7
66.0				47.6
66.0				57.0
66.0				58.8
66.0				59.9
66.0				60.3
66.0				60.7
66.0				62.0
66.0				63.7
66.0				68.4
66.0				69.0
66.0				70.3
66.0				71.4
66.0				78.0
67.0				49.5
67.0				54.7
67.0				57.5
67.0				60.2
67.0				62.4
67.0				64.7
67.0				66.3
67.0				69.6
67.0				69.6
67.0				71.2
67.0				73.0
67.0				79.6
68.0				19.2
68.0				48.6
68.0				58.3
68.0				58.5
68.0				58.9
68.0				58.9
68.0				61.8
68.0				61.8
68.0				65.6
68.0				67.4
68.0				68.1
68.0				68.7
68.0				76.8
68.0				79.0
68.0				80.7
69.0				39.5
69.0				45.4
69.0				54.9
69.0				56.2
69.0				60.1
69.0				60.1
69.0				60.2
69.0				60.4
69.0				61.0
69.0				65.1
69.0				68.1
69.0				69.7
70.0				24.4
70.0				46.1
70.0				56.4
70.0				58.6
70.0				59.1
70.0				60.1
70.0				60.5
70.0				61.7
70.0				63.9
70.0				64.9
70.0				65.8
70.0				67.4
70.0				70.4
70.0				74.2
71.0				54.9
71.0				56.2
71.0				67.0
71.0				69.0
71.0				69.8
71.0				70.0
72.0				49.9
72.0				62.9
72.0				64.4
72.0				64.5
72.0				65.4
72.0				65.8
72.0				67.3
72.0				69.0
72.0				69.4
72.0				70.2
72.0				70.4
72.0				71.4
72.0				72.1
72.0				77.6
72.0				78.0
72.0				78.6
72.0				79.4
72.0				86.3
73.0				39.9
73.0				59.6
73.0				63.7
73.0				65.3
73.0				66.5
73.0				66.8
73.0				72.4
73.0				75.7
74.0				63.0
74.0				75.4
74.0				78.7
74.0				78.8
75.0				60.0
75.0				60.2
75.0				65.3
75.0				67.3
75.0				69.0
75.0				69.0
75.0				69.3
75.0				70.4
75.0				70.7
75.0				71.0
75.0				71.1
75.0				71.2
75.0				71.6
75.0				72.8
75.0				74.1
75.0				76.6
75.0				76.9
75.0				77.0
75.0				77.0
75.0				80.9
75.0				82.9
75.0				84.7
76.0				68.2
76.0				68.7
76.0				69.6
76.0				74.2
76.0				75.0
76.0				78.3
76.0				78.9
76.0				81.8
76.0				81.8
77.0				61.5
77.0				71.0
77.0				77.6
77.0				80.2
77.0				82.8
78.0				67.2
78.0				70.2
78.0				76.5
78.0				77.2
78.0				78.2
78.0				78.9
78.0				80.5
78.0				81.6
79.0				65.3
79.0				71.5
79.0				79.6
79.0				82.4
80.0				11.4
80.0				60.3
80.0				64.6
80.0				66.1
80.0				67.0
80.0				71.8
80.0				72.7
80.0				73.4
80.0				74.2
80.0				75.2
80.0				76.6
80.0				76.6
80.0				79.5
80.0				79.5
80.0				79.5
80.0				80.6
80.0				80.9
80.0				82.2
81.0				70.0
81.0				71.1
81.0				84.1
82.0				67.5
82.0				69.7
82.0				76.8
82.0				79.6
82.0				80.3
82.0				80.8
82.0				81.5
82.0				86.8
83.0				66.1
83.0				77.1
84.0				75.8
84.0				77.5
84.0				78.7
85.0				65.0
85.0				65.7
85.0				68.6
85.0				68.7
85.0				70.3
85.0				72.5
85.0				73.3
85.0				73.5
85.0				74.5
85.0				74.5
85.0				75.7
85.0				76.2
85.0				77.5
85.0				77.7
85.0				78.9
85.0				79.0
85.0				79.1
85.0				79.6
85.0				80.1
85.0				81.4
85.0				81.8
85.0				82.2
85.0				83.1
85.0				83.7
85.0				83.9
85.0				84.5
85.0				85.4
85.0				85.6
85.0				85.6
85.0				86.8
85.0				87.9
85.0				88.1
85.0				89.4
86.0				69.3
86.0				72.8
86.0				74.7
86.0				77.0
86.0				77.8
86.0				83.9
87.0				82.2
88.0				68.6
88.0				69.9
88.0				74.2
88.0				81.7
88.0				90.4
89.0				70.7
89.0				78.1
89.0				84.3
89.0				92.8
90.0				68.3
90.0				68.5
90.0				71.4
90.0				72.2
90.0				75.8
90.0				77.0
90.0				77.4
90.0				77.7
90.0				78.3
90.0				79.9
90.0				81.7
90.0				82.6
90.0				82.9
90.0				84.1
91.0				86.7
92.0				65.0
92.0				86.5
92.0				90.0
92.0				92.0
93.0				85.8
95.0				89.2
96.0				78.1
96.0				83.0
96.0				83.8
96.0				84.5
99.0				84.6
100.0				86.8
101.0				89.2
110.0				80.6
